Number of nodes=20
Number of caregiver=4 

w1=0.059
w2=0.294
w3=0.235
w4=0.059
w5=0.176
w6=0.059
w7=0.118

alfa_k =0
beta_k =695

tr=80
Set of patients with high fatigue={6, 14, 16}
 
Time window (alfa,beta)

TW1=
start=0		192	356	418	493	600	7	97	457	595	9	43	153	236	392	17	97	358	451	0
end= 230  	192	356	418	493	600	7	97	457	595	9	43	153	236	392	17	97	358	451	695

TW2=
start=0	170	284	339	566	536	447	38	358	0	270	0	97	4	165	0	355	0	413	0
end=230	288	378	497	667	684	560	136	549	29	400	107	206	172	333	72	419	88	492	695

TW3=
start=0	45	284	333	373	484	0	38	358	496	0	0	58	165	355	270	4	0	413	0
end=230	288	560	497	439	684	88	156	555	667	139	140	231	333	459	132	179	459	575	695

TW4=
start=0	45	284	299	373	444	0	0	343	122	0	0	56	496	248	0	0	222	274	0
end=230	313	439	497	674	684	138	183	558	398	139	140	309	784	533	152	179	459	575	695

TW5=
start=0	0	0	0	0	0	0	0	0	0	0	0	0	0	0	0	0	0	0	0
end=230	695	695	695	695	695	695	695	695	695	695	695	695	695	695	695	695	695	695	695


Priority level of node=
0     50	20	40	30	50	50	40	10	40	50	20	50	20	40	20	40	30	20        0

Service time of node=
0    139	37	32	102	72	75	49	107	37	25	88	47	118	131	63	52	69	98        0	

Start and end of time interval =
interval 1= 0 150
interval 2=151 450
interval 3=451 698 



skill matrix=
Caregiver 1: 1 1 0 0 1 1 0 0 0 0 0 0 1 1 0 0 0 0 0 1 
Caregiver 2: 1 0 0 1 0 0 1 0 0 0 0 1 0 0 1 0 0 0 0 1 
Caregiver 3: 1 0 1 1 0 0 0 1 0 0 1 0 0 0 0 1 0 0 1 1 
Caregiver 4: 1 1 0 0 0 0 0 0 1 1 0 0 0 0 0 0 1 1 0 1


Gender preference matrix=
caregiver 1=0	0	1	1	1	1	0	1	1	0	1	1	0	1	1	1	0	1	0	0
caregiver 2=0	1	0	0	0	0	0	0	0	1	0	0	0	0	0	0	1	0	1	0
caregiver 3=0	0	1	1	1	1	0	1	1	0	1	1	0	1	1	1	0	1	0	0
caregiver 4=0	1	0	0	0	0	0	0	0	1	0	0	0	0	0	0	1	0	1	0

continuty of care score matrix=
caregiver 1=0	2	2	3	2	3	1	2	1	3	1	2	3	2	1	2	2	1	1	0
caregiver 2=0	1	2	3	2	3	1	2	1	1	3	1	2	3	2	2	2	3	3	0
caregiver 3=0	2	3	1	3	1	3	3	1	1	1	3	2	3	2	3	2	2	1	0
caregiver 4=0	3	2	1	2	2	1	1	2	2	2	3	2	1	3	2	1	1	1	0


								
Travel time=						
10000	21	18	20	22	23	7	18	18	13	9	11	19	19	19	17	26	13	13	0
21	10000	23	3	42	43	23	25	4	33	29	29	38	3	39	37	40	24	14	21
18	23	10000	23	35	36	25	35	20	23	22	17	35	23	31	24	19	7	25	18
20	3	23	10000	40	41	22	23	4	32	28	28	36	2	38	36	40	24	12	20
22	42	35	40	10000	2	20	27	39	13	14	18	7	39	4	14	29	28	31	22
23	43	36	41	2	10000	20	27	40	14	15	19	7	40	6	15	30	29	32	23
7	23	25	22	20	20	10000	12	21	15	10	15	15	21	18	20	31	20	12	7
18	25	35	23	27	27	12	10000	24	26	22	27	21	23	27	31	43	31	13	18
18	4	20	4	39	40	21	24	10000	30	26	26	35	3	36	34	36	21	12	18
13	33	23	32	13	14	15	26	30	10000	5	6	14	31	9	6	19	16	25	13
9	29	22	28	14	15	10	22	26	5	10000	7	13	27	11	10	22	15	20	9
11	29	17	28	18	19	15	27	26	6	7	10000	19	27	14	8	16	10	23	11
19	38	35	36	7	7	15	21	35	14	13	19	10000	35	8	17	32	28	26	19
19	3	23	2	39	40	21	23	3	31	27	27	35	10000	37	35	39	23	11	19
19	39	31	38	4	6	18	27	36	9	11	14	8	37	10000	10	25	24	29	19
17	37	24	36	14	15	20	31	34	6	10	8	17	35	10	10000	16	17	30	17
26	40	19	40	29	30	31	43	36	19	22	16	32	39	25	16	10000	16	37	26
13	24	7	24	28	29	20	31	21	16	15	10	28	23	24	17	16	10000	23	13
13	14	25	12	31	32	12	13	12	25	20	23	26	11	29	30	37	23	10000	13
0	21	18	20	22	23	7	18	18	13	9	11	19	19	19	17	26	13	13	10000
																			


Number of caregivers required for node=
1   2	 1	2	1	1	1	1	1	1	1	1	1	1	1	1	1	1	1   1
