Number of nodes=20
Number of caregiver=4 

w1=0.059
w2=0.294
w3=0.235
w4=0.059
w5=0.176
w6=0.059
w7=0.118

alfa_k =0
beta_k =554

tr=80
Set of patients with high fatigue={3, 5, 9, 12}
 
Time window (alfa,beta)

TW1=
start=0	21	99	310	378	518	19	117	231	320	376	27	130	232	328	437	23	55	223	0
end=184	21	99	310	378	518	19	117	231	320	376	27	130	232	328	437	23	55	223	554

TW2=
start=0	0	58	217	334	493	0	66	206	285	345	0	67	138	289	347	0	0	197	0	
end=184	84	189	404	459	593	61	190	270	387	446	85	217	255	410	531	73	86	297	554

TW3=
start=0	0	0	168	334	419	0	150	0	319	264	0	0	138	244	87	0	0	347	0
end=184	164	204	448	459	636	224	371	260	516	391	86	65	338	410	297	73	132	576	554


TW4=
start=0	0	0	168	190	352	0	0	92	138	177	0	0	138	220	347	0	0	71	0
end=184	164	204	477	549	636	136	294	420	391	564	214	224	360	458	576	119	132	350	554

TW5=
start=0	0	0	0	0	0	0	0	0	0	0	0	0	0	0	0	0	0	0	0
end=184	554	554	554	554	554	554	554	554	554	554	554	554	554	554	554	554	554	554	554

Priority level of node=
0      40	50	20	40	30	50	20	50	40	20	30	50	20	30	30	20	30	40       0

Service time of node=
0  68	180	50	120	24	64	71	66	41	93	42	74	82	85	84	17	46	83     0

Start and end of time interval =
interval 1= 0 184
interval 2=185 369
interval 3=370 554 


skill matrix=
Caregiver 1:  1 1 0 0 0 0 0 0 1 1  0  0  1  0  0  0  1  0  0  1
Caregiver 2:  1 0 1 0 0 0 0 1 0 0  1  0  0  0  1  1  0  0  0  1
Caregiver 3:  1 0 0 1 0 0 1 0 0 0  0  1  0  0  1  0  0  1  0  1
Caregiver 4:  1 0 0 0 1 1 0 0 0 0  0  0  1  1  0  0  0  0  1  1
		
Gender preference matrix=
caregiver 1=0	0	1	1	1	1	0	1	1	0	1	1	0	1	1	1	0	1	0	0
caregiver 2=0	1	0	0	0	0	0	0	0	1	0	0	0	0	0	0	1	0	1	0
caregiver 3=0	0	1	1	1	1	0	1	1	0	1	1	0	1	1	1	0	1	0	0
caregiver 4=0	1	0	0	0	0	0	0	0	1	0	0	0	0	0	0	1	0	1	0

continuty of care score matrix=
caregiver 1=0	2	3	3	3	3	3	2	2	3	3	3	3	3	2	1	1	2	1	0
caregiver 2=0	2	3	1	2	3	1	3	2	2	1	1	3	1	3	3	2	2	2	0
caregiver 3=0	3	2	1	2	2	1	3	2	2	1	2	2	2	1	3	2	3	2	0
caregiver 4=0	1	1	2	1	2	3	3	2	2	2	2	1	3	3	3	3	2	3	0

Travel time=																	
0	18	18	23	21	12	14	22	9	13	12	15	21	24	9	10	22	9	20	0
18	10000	6	19	13	19	12	21	26	11	24	20	34	37	18	10	13	24	10	18
18	6	10000	24	18	16	16	16	27	8	21	24	31	34	16	9	7	22	4	18
23	19	24	10000	7	31	10	38	26	26	34	11	44	47	29	22	31	31	28	23
21	13	18	7	10000	28	7	33	26	21	31	13	41	44	26	18	25	29	22	21
12	19	16	31	28	10000	22	11	18	9	6	26	15	19	3	10	15	9	15	12
14	12	16	10	7	22	10000	28	19	16	24	9	34	37	20	12	23	22	19	14
22	21	16	38	33	11	28	10000	29	13	15	34	21	23	14	17	10	20	13	22
9	26	27	26	26	18	19	29	10000	21	16	16	22	24	16	18	30	11	28	9
13	11	8	26	21	9	16	13	21	10000	14	23	24	27	9	5	9	16	8	13
12	24	21	34	31	6	24	15	16	14	10000	27	11	14	6	14	20	5	20	12
15	20	24	11	13	26	9	34	16	23	27	10000	36	39	23	19	30	23	27	15
21	34	31	44	41	15	34	21	22	24	11	36	10000	4	16	25	29	13	29	21
24	37	34	47	44	19	37	23	24	27	14	39	4	10000	19	28	32	16	32	24
9	18	16	29	26	3	20	14	16	9	6	23	16	19	10000	9	16	8	15	9
10	10	9	22	18	10	12	17	18	5	14	19	25	28	9	10000	13	14	11	10
22	13	7	31	25	15	23	10	30	9	20	30	29	32	16	13	10000	23	4	22
9	24	22	31	29	9	22	20	11	16	5	23	13	16	8	14	23	10000	22	9
20	10	4	28	22	15	19	13	28	8	20	27	29	32	15	11	4	22	10000	20
0	18	18	23	21	12	14	22	9	13	12	15	21	24	9	10	22	9	20	0



Number of caregivers required for node=
1	1	1	1	1	1	1	1	1	1	1	1	2	1	2	1	1	1	1	1

