Number of nodes=20
Number of caregiver=4 

w1=0.059
w2=0.294
w3=0.235
w4=0.059
w5=0.176
w6=0.059
w7=0.118

alfa_k =0
beta_k =717

tr=85
Set of patients with high fatigue={9, 2, 7, 18, 14}
 
Time window (alfa,beta)

TW1=	
start=0	17	110	169	276	428	16	46	176	303	385	15	104	498	626	14	407	536	644	0
end=239	17	110	169	276	428	16	46	176	303	385	15	104	498	626	14	407	536	644	717

TW2=	
start=0	0	16	132	222	388	0	0	87	280	359	0	68	413	536	473	314	0	559	0
end=239	111	135	225	349	512	90	70	253	353	439	100	147	552	702	584	428	49	682	717

TW3=	
start=0	0	16	22	222	192	0	0	87	334	257	0	0	293	477	0	413	473	559	0
end=239	111	240	295	349	417	93	117	294	538	445	100	151	454	702	132	552	625	709	717


TW4=	
start=0	55	125	205	0	0	0	16	22	192	454	0	0	305	462	0	450	239	246	0
end=239	294	417	548	118	196	121	240	363	455	646	194	286	639	724	132	752	555	523	717


TW5=	
start=0	0	0	0	0	0	0	0	0	0	0	0	0	0	0	0	0	0	0	0
end=239	717	717	717	717	717	717	717	717	717	717	717	717	717	717	717	717	717	717	717

Priority level of node=
0       10	50	20	40	30	40	40	50	50	20	30	20	20	30	30	10	50	50       0

Service time of node=
0       72	52	87	104	101	20	104	103	48	88	71	54	97	51	116	118	75	49	0

Start and end of time interval =
interval 1= 0 200
interval 2=201 450
interval 3=451 717 

skill matrix=
Caregiver 1:  1 0 0 0 1 1 0 0 0 0  0  0  1  1  0  0  0  1  0  1
Caregiver 2:  1 0 0 1 1 0 1 0 0 0  0  1  0  0  1  0  0  0  0  1
Caregiver 3:  1 0 1 0 0 0 0 1 1 0  1  0  0  0  0  1  0  0  1  1
Caregiver 4:  1 1 0 0 0 0 0 0 1 1  1  0  0  0  0  0  1  1  0  1	
	
Gender preference matrix=
caregiver 1=0	1	0	1	0	0	1	1	1	0	1	0	1	1	0	1	0	0	0	0
caregiver 2=0	0	0	0	1	1	0	0	0	1	0	1	0	0	0	0	1	1	0	0
caregiver 3=0	1	0	1	0	0	1	1	1	0	1	0	1	1	0	1	0	0	0	0
caregiver 4=0	0	0	0	1	1	0	0	0	1	0	1	0	0	0	0	1	1	0	0

continuty of care score matrix=
caregiver 1=0	2	3	2	1	2	3	2	3	3	2	1	3	3	2	3	2	3	1	0
caregiver 2=0	3	3	3	2	1	1	1	3	3	1	2	1	3	2	3	3	1	2	0
caregiver 3=0	1	1	2	3	1	2	2	1	3	1	3	2	3	2	2	1	3	3	0
caregiver 4=0	1	1	3	3	2	2	3	1	1	1	1	3	1	1	2	2	1	3	0

Travel time=								
0	17	12	15	20	29	16	9	19	19	17	15	18	12	17	14	13	6	24	0
17	10000	18	24	12	36	26	22	3	22	14	24	11	28	7	20	14	19	28	17
12	18	10000	6	14	40	28	21	19	8	25	6	12	21	14	25	22	18	13	12
15	24	6	10000	18	43	31	23	24	8	30	1	17	22	19	29	27	21	10	15
20	12	14	18	10000	45	34	28	11	14	24	18	3	31	6	28	24	25	18	20
29	36	40	43	45	10000	13	20	38	48	23	43	43	23	40	17	22	23	52	29
16	26	28	31	34	13	10000	8	29	35	16	30	31	12	30	8	13	10	40	16
9	22	21	23	28	20	8	10000	24	28	15	23	25	8	24	8	11	3	33	9
19	3	19	24	11	38	29	24	10000	22	16	24	10	30	6	22	17	22	27	19
19	22	8	8	14	48	35	28	22	10000	31	8	13	28	16	32	29	25	6	19
17	14	25	30	24	23	16	15	16	31	10000	29	22	22	19	9	4	14	37	17
15	24	6	1	18	43	30	23	24	8	29	10000	17	22	19	28	26	20	11	15
18	11	12	17	3	43	31	25	10	13	22	17	10000	29	4	26	22	22	18	18
12	28	21	22	31	23	12	8	30	28	22	22	29	10000	28	15	18	9	32	12
17	7	14	19	6	40	30	24	6	16	19	19	4	28	10000	24	19	21	21	17
14	20	25	29	28	17	8	8	22	32	9	28	26	15	24	10000	6	9	37	14
13	14	22	27	24	22	13	11	17	29	4	26	22	18	19	6	10000	10	35	13
6	19	18	21	25	23	10	3	22	25	14	20	22	9	21	9	10	10000	30	6
24	28	13	10	18	52	40	33	27	6	37	11	18	32	21	37	35	30	10000	24
0	17	12	15	20	29	16	9	19	19	17	15	18	12	17	14	13	6	24	0
																			
										
Number of caregivers required for node=
1	1	1	1	2	1	1	1	1	1	2	1	1	1	1	1	1	1	1	1

