Number of nodes=20
Number of caregiver=4 

w1=0.059
w2=0.294
w3=0.235
w4=0.059
w5=0.176
w6=0.059
w7=0.118

alfa_k =0
beta_k =702

tr=80
Set of patients with high fatigue={1, 7, 9, 11, 18}


Time window (alfa,beta)

TW1=
start=0		130	196	320	427	516	14	210	362	474	12	135	242	629	9	98	198	284	382	0
end=234		130	196	320	427	516	14	210	362	474	12	135	242	629	9	98	198	284	382	702

TW2=
start=0		68	129	296	384	448	0	340	140	428	0	82	158	534	0	6	125	260	336	0
end=234		208	261	417	451	580	92	410	261	553	108	205	299	703	80	190	236	328	458	702

TW3=
start=0		5	74	221	289	448	0	92	260	0	408	82	114	534	0	6	123	142	298	0
end=234		214	297	433	475	633	92	316	434	108	555	270	383	764	150	190	258	404	523	702


TW4=
start=0		0	74	190	289	448	0	92	187	368	0	0	44	534	0	0	123	142	183	0
end=234		214	380	433	475	633	133	333	544	618	132	324	383	768	150	190	258	424	523	702


TW5=
start=0		0	0	0	0	0	0	0	0	0	0	0	0	0	0	0	0	0	0	0
end=702		702	702	702	702	702	702	702	702	702	702	702	702	702	702	702	702	702	702	702

Priority level of node=
0	50	20	30	20	40	20	50	40	20	40	50	20	20	50	30	20	20	40	0

Service time of node=
0  58	98	99	58	93	101	121	88	65	94	69	105	49	78	85	61	74	112   0

Start and end of time interval =
interval 1= 0 150
interval 2=151 470
interval 3=471 702 


skill matrix=
Caregiver 1:  1 1 0 0 1 1 0 0 0 0  0  0  1  1  0  0  0  0  0  1
Caregiver 2:  1 0 0 1 0 0 1 0 0 0  0  1  0  0  1  0  0  0  0  1
Caregiver 3:  1 0 1 0 0 1 0 1 0 0  1  0  0  0  0  1  0  0  1  1
Caregiver 4:  1 1 0 0 0 0 0 0 1 1  0  0  0  0  0  0  1  1  0  1		

Gender preference matrix=
caregiver 1=0	0	1	1	1	1	0	1	1	0	1	1	0	1	1	1	0	1	0	0
caregiver 2=0	1	0	0	0	0	0	0	0	1	0	0	0	0	0	0	1	0	1	0
caregiver 3=0	0	1	1	1	1	0	1	1	0	1	1	0	1	1	1	0	1	0	0
caregiver 4=0	1	0	0	0	0	0	0	0	1	0	0	0	0	0	0	1	0	1	0

continuty of care score matrix=
caregiver 1=0	2	3	3	3	3	3	2	2	3	3	3	3	3	2	1	1	2	1	0
caregiver 2=0	2	3	1	2	3	1	3	2	2	1	1	3	1	3	3	2	2	2	0
caregiver 3=0	3	2	1	2	2	1	3	2	2	1	2	2	2	1	3	2	3	2	0
caregiver 4=0	1	1	2	1	2	3	3	2	2	2	2	1	3	3	3	3	2	3	0


Travel time=																			
0	18	18	23	21	12	14	22	9	13	12	15	21	24	9	10	22	9	20	0
18	10000	6	19	13	19	12	21	26	11	24	20	34	37	18	10	13	24	10	18
18	6	10000	24	18	16	16	16	27	8	21	24	31	34	16	9	7	22	4	18
23	19	24	10000	7	31	10	38	26	26	34	11	44	47	29	22	31	31	28	23
21	13	18	7	10000	28	7	33	26	21	31	13	41	44	26	18	25	29	22	21
12	19	16	31	28	10000	22	11	18	9	6	26	15	19	3	10	15	9	15	12
14	12	16	10	7	22	10000	28	19	16	24	9	34	37	20	12	23	22	19	14
22	21	16	38	33	11	28	10000	29	13	15	34	21	23	14	17	10	20	13	22
9	26	27	26	26	18	19	29	10000	21	16	16	22	24	16	18	30	11	28	9
13	11	8	26	21	9	16	13	21	10000	14	23	24	27	9	5	9	16	8	13
12	24	21	34	31	6	24	15	16	14	10000	27	11	14	6	14	20	5	20	12
15	20	24	11	13	26	9	34	16	23	27	10000	36	39	23	19	30	23	27	15
21	34	31	44	41	15	34	21	22	24	11	36	10000	4	16	25	29	13	29	21
24	37	34	47	44	19	37	23	24	27	14	39	4	10000	19	28	32	16	32	24
9	18	16	29	26	3	20	14	16	9	6	23	16	19	10000	9	16	8	15	9
10	10	9	22	18	10	12	17	18	5	14	19	25	28	9	10000	13	14	11	10
22	13	7	31	25	15	23	10	30	9	20	30	29	32	16	13	10000	23	4	22
9	24	22	31	29	9	22	20	11	16	5	23	13	16	8	14	23	10000	22	9
20	10	4	28	22	15	19	13	28	8	20	27	29	32	15	11	4	22	10000	20
0	18	18	23	21	12	14	22	9	13	12	15	21	24	9	10	22	9	20	0



Number of caregivers required for node=
1      2	 1	1	1	2	1	1	1	1	1	1	1	1	1	1	1	1	1       1
